0.0
0.0
0.0
0.0
0.0
0.001687765121459961
0.0
0.0005040168762207031
0.0
0.0
0.0
0.0015039443969726562
0.0
0.0010101795196533203
0.0007169246673583984
0.0
0.0
0.0
0.0
0.0
0.0
0.0
0.0
0.0
0.009104490280151367
0.002005338668823242
0.0015208721160888672
0.0
0.0
0.00500798225402832
0.0018436908721923828
0.0
0.0
0.005039691925048828
0.0025129318237304688
0.001999378204345703
0.0030002593994140625
0.0019998550415039062
0.0019011497497558594
0.0027136802673339844
0.002523183822631836
0.001508951187133789
0.002000093460083008
0.0019998550415039062
0.003292083740234375
0.0
0.00602412223815918
0.0
0.003951549530029297
0.0010042190551757812
0.0
0.0031795501708984375
0.0026280879974365234
0.004013538360595703
0.0040128231048583984
0.007405519485473633
0.0
0.008578300476074219
0.007452487945556641
0.0007419586181640625
0.008524894714355469
0.006655693054199219
0.0051724910736083984
0.008604049682617188
0.006501436233520508
0.00896596908569336
0.007509708404541016
0.006905317306518555
0.004998445510864258
0.004086494445800781
0.004513740539550781
0.0047550201416015625
0.005211591720581055
0.0052945613861083984
0.006772518157958984
0.006090402603149414
0.008691787719726562
0.009053945541381836
0.0051882266998291016
0.006579160690307617
0.006195068359375
0.0040130615234375
0.007077932357788086
0.008839607238769531
0.011111736297607422
0.009032487869262695
0.0060272216796875
0.009128093719482422
0.010474443435668945
0.015642881393432617
0.011175870895385742
0.009230613708496094
0.012054443359375
0.0033092498779296875
0.011063814163208008
0.011444568634033203
0.011093616485595703
0.012284278869628906
0.01425313949584961
0.013493061065673828
0.01123666763305664
0.00903010368347168
0.011912107467651367
0.013303756713867188
0.01259922981262207
0.010022401809692383
0.012823104858398438
0.01300048828125
0.014381647109985352
0.014454126358032227
0.01701951026916504
0.005975008010864258
0.01845574378967285
0.011154413223266602
0.01492619514465332
0.016344785690307617
0.022814035415649414
0.0181887149810791
0.014345407485961914
0.01629924774169922
0.014997243881225586
0.015560150146484375
0.016665220260620117
0.01943826675415039
0.015015125274658203
0.016344547271728516
0.019840240478515625
0.01883101463317871
0.025644779205322266
0.022563457489013672
0.02053976058959961
0.02009272575378418
0.020502805709838867
0.018891572952270508
0.017915964126586914
0.02172684669494629
0.019460439682006836
0.02514791488647461
0.021735191345214844
0.02632761001586914
0.026622772216796875
0.024383068084716797
0.020858287811279297
0.022580385208129883
0.02033376693725586
0.02320075035095215
0.023284435272216797
0.016269207000732422
0.023840904235839844
0.020232200622558594
0.025652408599853516
0.027555227279663086
0.025429725646972656
0.02263498306274414
0.022829055786132812
0.029450416564941406
0.03011178970336914
0.027077913284301758
0.027343034744262695
0.024990558624267578
0.021789073944091797
0.02744770050048828
0.020185470581054688
0.029781341552734375
0.02699589729309082
0.026806116104125977
0.02943706512451172
0.025310039520263672
0.03336381912231445
0.034245967864990234
0.03464937210083008
0.03367924690246582
0.033757686614990234
0.039868831634521484
0.036574602127075195
0.037722110748291016
0.040769338607788086
0.04167938232421875
0.03576040267944336
0.03759646415710449
0.03995156288146973
0.03094959259033203
0.03930068016052246
0.03893113136291504
0.03858375549316406
0.04072833061218262
0.04500555992126465
0.043074607849121094
0.04165935516357422
0.042281389236450195
0.047493934631347656
0.042629241943359375
0.04100370407104492
0.0424501895904541
0.04047369956970215
0.0406336784362793
0.04715609550476074
