0.47287869453430176
0.47891759872436523
0.5300796031951904
0.49666810035705566
0.4981670379638672
0.5033893585205078
0.4977245330810547
0.5049178600311279
0.5271267890930176
0.5197122097015381
0.51664137840271
0.5394353866577148
0.5354917049407959
0.533236026763916
0.5475447177886963
0.535653829574585
0.5443141460418701
0.5478672981262207
0.554041862487793
0.5591292381286621
0.5622985363006592
0.5693516731262207
0.5716230869293213
0.5728485584259033
0.5937032699584961
0.5917251110076904
0.5937256813049316
0.59328293800354
0.5999095439910889
0.6400861740112305
0.6151821613311768
0.6095800399780273
0.6053533554077148
0.6225292682647705
0.6235547065734863
0.6444888114929199
0.6312057971954346
0.6240236759185791
0.6383593082427979
0.6347131729125977
0.6539456844329834
0.6572215557098389
0.6674065589904785
0.6644041538238525
0.6800849437713623
0.68536376953125
0.6798336505889893
0.6737146377563477
0.6827974319458008
0.6747820377349854
0.6863131523132324
0.6901700496673584
0.6871557235717773
0.6963605880737305
0.6987214088439941
0.6899640560150146
0.7016150951385498
0.7254955768585205
0.7149496078491211
0.7108445167541504
0.7363946437835693
0.7447013854980469
0.7494399547576904
0.7554075717926025
0.7608447074890137
0.7727560997009277
0.7619154453277588
0.7724752426147461
0.7818527221679688
0.814417839050293
0.7911391258239746
0.7894837856292725
0.7950398921966553
0.7681059837341309
0.7730786800384521
0.766700267791748
0.7707734107971191
0.801945686340332
0.7907764911651611
0.8333568572998047
0.8362109661102295
0.8259673118591309
0.8639564514160156
0.83011794090271
0.8456118106842041
0.8504147529602051
0.8425078392028809
0.8360304832458496
0.8292236328125
0.8097681999206543
0.836029052734375
0.85219407081604
0.8429248332977295
0.845501184463501
0.84604811668396
0.8641762733459473
0.8925576210021973
0.8683340549468994
0.8479995727539062
0.8924515247344971
0.9183928966522217
0.8938524723052979
0.9531862735748291
0.9307937622070312
0.9345250129699707
0.935821533203125
0.9425251483917236
0.9827580451965332
0.9340305328369141
0.9393813610076904
0.9660384654998779
0.9671151638031006
0.9477334022521973
0.9509098529815674
0.9998838901519775
0.988121747970581
0.9627737998962402
0.9461040496826172
0.9735934734344482
1.0038013458251953
1.1115894317626953
0.993802547454834
1.0226318836212158
0.9965746402740479
1.0264902114868164
1.0167675018310547
1.0297160148620605
1.066056489944458
1.020322322845459
1.059389352798462
1.0356600284576416
1.0900490283966064
1.0772621631622314
1.0461180210113525
1.0638718605041504
1.078338384628296
1.104762077331543
1.192826747894287
1.1348817348480225
1.1431849002838135
1.1139764785766602
1.0880675315856934
1.2466390132904053
1.4587745666503906
1.3872358798980713
1.3022866249084473
1.2187016010284424
1.1056904792785645
1.0817780494689941
1.126265525817871
1.1288950443267822
1.1215569972991943
1.1305370330810547
1.1519067287445068
1.1732251644134521
1.1423988342285156
1.1445033550262451
1.1688292026519775
1.2091259956359863
1.1930792331695557
1.155836820602417
1.180192470550537
1.1714470386505127
1.1517202854156494
1.1670258045196533
1.1739821434020996
1.2193377017974854
1.2242915630340576
1.1846747398376465
1.1783907413482666
1.1868956089019775
1.2558467388153076
1.2107658386230469
1.2003793716430664
1.2144451141357422
1.2004988193511963
1.2081899642944336
1.2698237895965576
1.2326757907867432
1.2206928730010986
1.2085297107696533
1.237257957458496
1.2967710494995117
1.215017557144165
1.288036584854126
1.2801802158355713
1.3792541027069092
1.403831958770752
1.3169376850128174
1.2939081192016602
1.30124831199646
1.3045258522033691
1.327188491821289
1.4004430770874023
1.542241096496582
1.4197416305541992
1.5186700820922852
