0.7715115547180176
0.7535810470581055
0.7960596084594727
0.7889907360076904
0.783524751663208
0.7975354194641113
0.7981786727905273
0.8100919723510742
0.8047966957092285
0.8149051666259766
0.8050670623779297
0.8227670192718506
0.8551292419433594
0.8537719249725342
0.8880531787872314
0.8947367668151855
0.8829092979431152
0.867180585861206
0.8876426219940186
0.9124109745025635
0.9278388023376465
0.8802356719970703
0.8934085369110107
0.912761926651001
0.9191837310791016
0.9413788318634033
0.9331173896789551
0.9345879554748535
0.9507896900177002
0.9793272018432617
0.9492180347442627
0.9269850254058838
1.0632858276367188
0.9805169105529785
0.9759175777435303
0.9641468524932861
0.9960923194885254
0.9983630180358887
1.0027365684509277
1.013031244277954
1.0202646255493164
1.0583679676055908
1.0250980854034424
1.0333797931671143
1.0485293865203857
1.0533995628356934
1.0506105422973633
1.085806131362915
1.0283169746398926
1.0505599975585938
1.0634722709655762
1.0613341331481934
1.0404129028320312
1.1019060611724854
1.1084482669830322
1.1501390933990479
1.1169962882995605
1.123927116394043
1.1302378177642822
1.1384186744689941
1.1800215244293213
1.1478750705718994
1.1985416412353516
1.1823840141296387
1.1957006454467773
1.1751461029052734
1.181239366531372
1.1813266277313232
1.1944644451141357
1.204634428024292
1.201674461364746
1.228247880935669
1.2192482948303223
1.2535302639007568
1.2191548347473145
1.22340726852417
1.285846471786499
1.2442996501922607
1.2507350444793701
1.305462121963501
1.299675703048706
1.3328797817230225
1.305267572402954
1.2881100177764893
1.3311147689819336
1.3506622314453125
1.3751261234283447
1.3978939056396484
1.3615481853485107
1.358785629272461
1.3403303623199463
1.3725314140319824
1.376277208328247
1.3678994178771973
1.3883614540100098
1.3709964752197266
1.3571267127990723
