0.4937171936035156
0.5169656276702881
0.5063285827636719
0.5169367790222168
0.5140893459320068
0.5336227416992188
0.5300660133361816
0.5231029987335205
0.5192534923553467
0.5277872085571289
0.5182914733886719
0.5373330116271973
0.5329279899597168
0.5444355010986328
0.5434789657592773
0.5463941097259521
0.5545010566711426
0.5747039318084717
0.5698733329772949
0.5704896450042725
0.5946946144104004
0.5740809440612793
0.5828871726989746
0.5875842571258545
0.6775503158569336
0.6043674945831299
0.6590332984924316
0.644486665725708
0.6085386276245117
0.636713981628418
0.6239213943481445
0.6134061813354492
0.6085624694824219
0.6201431751251221
0.6395869255065918
0.6493630409240723
0.6342594623565674
0.6719672679901123
0.6687347888946533
0.659937858581543
0.658696174621582
0.6804227828979492
0.6705100536346436
0.6568129062652588
0.6649506092071533
0.6816587448120117
0.6761698722839355
0.6774649620056152
0.681959867477417
0.6806366443634033
0.6916496753692627
0.7058091163635254
0.6941432952880859
0.718550443649292
0.7205891609191895
0.7532265186309814
0.7990391254425049
0.7239611148834229
0.7289202213287354
0.7753136157989502
0.7750182151794434
0.7955684661865234
0.7715013027191162
0.780569314956665
0.8160762786865234
0.8288631439208984
0.7697174549102783
0.8491888046264648
0.8211724758148193
0.8277969360351562
0.8281242847442627
0.7996675968170166
0.8017387390136719
0.8444240093231201
0.8274939060211182
0.8525521755218506
0.8576900959014893
0.8499953746795654
0.880225658416748
0.8713071346282959
0.8903152942657471
0.8544812202453613
0.8808670043945312
0.8700230121612549
0.9408221244812012
0.9064557552337646
0.9079899787902832
0.864821195602417
0.8890187740325928
0.9113075733184814
0.9046378135681152
0.9380316734313965
0.9426889419555664
1.0280959606170654
1.016918659210205
0.8992276191711426
0.9362108707427979
